image: /home/haokunfeng/map/playground.pgm
resolution: 0.050000
origin: [-8.449448, -8.393206, 0.000000]
negate: 0
occupied_thresh: 0.65
free_thresh: 0.196

